-3.230214, -4.693057, -0.913799, -3.071335, -3.041533, -2.814526
-3.590607, -5.062134, 0.350518, -3.132188, -2.862435, -2.226066
-4.133914, -3.916991, 1.010816, -3.001976, -2.481050, -1.945972
-4.736772, -1.739034, 2.045581, -2.046901, -1.380860, -1.077908
-5.673507, -0.108524, 3.577127, -0.927829, -0.363727, -0.617420
-6.162421, 0.032136, 3.983156, -0.679149, -0.192419, -0.334887
-5.887143, -0.346590, 3.179127, -0.778647, -0.756498, -0.795295
-5.398773, -1.405220, 2.005875, -1.950975, -2.360229, -1.026702
-6.125943, -1.805028, 2.383002, -1.828542, -2.561252, -0.258127
-4.778487, -1.646740, 2.675497, -1.422954, -2.417216, 0.880326
-4.424745, -0.587806, 3.220279, -1.717805, -1.727976, 1.384744
-5.353199, 2.043766, 4.524095, -2.337029, -0.752957, 1.030203
-8.809087, 5.100857, 7.734660, -2.080432, 0.436037, 1.481219
-10.418234, 5.652802, 8.468604, -2.280152, 0.289858, 1.067597
-10.764508, 6.173591, 7.625732, -2.521276, 0.178602, 0.196368
-8.773614, 7.305108, 4.655180, -3.246852, -0.266251, -0.581198
-7.676814, 10.504040, 1.671214, -3.144590, 0.446458, -0.053746
-6.279949, 12.371737, 0.385437, -2.157239, 1.302601, 0.591768
-3.760052, 13.490443, -0.917539, -1.051640, 1.996602, 0.506009
-1.864636, 19.227894, -1.915758, -0.237954, 2.720202, -0.250384
-2.492853, 28.683153, -0.049821, 0.305281, 4.534442, 0.262988
-3.326236, 32.066536, 0.464897, -0.276645, 4.915864, 0.029499
-4.741442, 31.765915, 0.789190, -0.996256, 4.226693, -0.500450
-6.160058, 31.400665, 1.373398, -2.077632, 2.971765, -1.053696
-6.632877, 29.388988, 0.031282, -2.226525, 2.792640, -0.731903
-5.122920, 25.306267, -0.674167, -1.468547, 3.200732, -0.233199
-4.118021, 16.507679, -0.083289, -1.073590, 1.917045, -0.037285
-6.167579, 7.113576, 3.404902, -1.501161, -0.626812, -0.390032
-8.815963, 11.817776, 7.643236, -1.690059, -0.881408, -0.434132
-10.536861, 13.837173, 8.655495, -2.380610, -1.347359, -1.026549
-11.343053, 14.112574, 7.652149, -3.055983, -2.015411, -1.354875
-11.254218, 13.262737, 3.696217, -3.536710, -2.683130, -1.674938
-10.817613, 12.819343, 2.246750, -2.883000, -2.212416, -1.083191
-9.360863, 12.120457, 2.115410, -1.850204, -1.122168, -0.309283
-6.628932, 7.776108, -0.389840, -1.237054, -0.420156, 0.142100
-4.012665, 2.540245, -6.168310, -1.802372, -0.810253, -0.236993
-5.020167, 2.722697, -8.476728, -2.462132, -1.952977, -0.197737
-6.171536, 2.605380, -9.701016, -3.239597, -3.047052, -0.431377
-7.627766, 2.039230, -9.211823, -3.803312, -3.846869, -0.646383
-10.880007, 1.800294, -7.248036, -3.641003, -3.557438, 0.349355
-12.177005, 3.406712, -6.552686, -4.081881, -1.850703, 0.565860
-11.027617, 4.342140, -5.373103, -3.646739, -0.449900, 0.824292
-8.174827, 3.436246, -3.119272, -2.442008, 0.349142, 0.726968
-6.444597, 0.314226, -0.034937, -0.788519, -0.111096, 0.130038
-7.009315, -0.542051, -0.053393, 0.663944, -0.338872, 0.507873
-7.823248, -1.288966, -0.669564, 0.667098, -0.957883, 0.179604
-8.046029, -2.245541, -1.137281, -0.249070, -1.683313, -0.479563
-8.788334, -1.184574, -1.453297, -2.229357, -1.416936, -0.608932
-8.100376, -1.855618, -0.837049, -3.167130, -1.563794, -0.831389
-6.947455, -1.606525, 0.539875, -2.978600, -1.285701, -0.103102
-4.878232, -0.703204, -0.042571, -2.791564, -1.174167, -0.195674
-4.152201, 0.442770, -3.757254, -3.222211, -1.644670, -0.842997
-5.561094, 2.345987, -7.381503, -2.719560, -1.957586, -0.299527
-7.311808, 2.768104, -9.484196, -3.205103, -2.486790, -0.520007
-8.141012, 2.589240, -10.867390, -3.285330, -2.842417, -1.174993
-9.315199, 2.861859, -10.338772, -3.790769, -3.551765, -1.245471
-9.595815, 1.738594, -10.967842, -3.787192, -3.512644, -0.777910
-8.092804, 1.354273, -9.923012, -3.103235, -2.987039, -0.573793
-6.360199, -1.330995, -8.847445, -2.326641, -2.510080, -0.942794
-6.602177, -8.010314, -10.990108, -1.862731, -2.208354, -1.996096
-9.318134, -12.865652, -16.888615, -1.459178, -1.751815, -1.867177
-10.477114, -15.390949, -19.558399, -1.892748, -1.950059, -2.211130
-9.980096, -15.739459, -19.105295, -2.255835, -2.178677, -2.997061
-7.057797, -14.330996, -14.876844, -2.779138, -2.493402, -3.706556
-6.848018, -10.962339, -12.757323, -2.258556, -2.388406, -3.692527
-5.922537, -8.169351, -10.563107, -1.757826, -1.374551, -2.792356
-5.068053, -4.593256, -5.402333, -1.366320, -0.818006, -2.074277
-4.630582, -1.500039, 1.437413, -1.844876, -0.066539, -1.211576
-7.136021, -3.328170, 2.944072, -1.120873, 0.564764, -0.809994
-8.459558, -4.465767, 2.740306, -1.169114, 0.155516, -1.164049
-8.903628, -5.220026, 1.986168, -1.538977, -0.016135, -1.603862
-8.433763, -3.723462, 1.735485, -2.149122, 0.384800, -2.708680
-7.984176, 0.665881, 2.051988, -2.898036, 2.684584, -3.674748
-6.369084, 3.978934, 2.764733, -2.539812, 4.147670, -3.691958
-4.840518, 5.950423, 2.423712, -2.159284, 4.618991, -2.914260
-5.816910, 7.883337, 1.580737, -2.301520, 4.649535, -1.992435
-9.842731, 9.788477, 1.970453, -2.272151, 5.704216, -0.467096
-11.880310, 10.042378, 1.592228, -2.970430, 4.912490, -0.802780
-12.404476, 7.413145, 0.383450, -3.279405, 1.911814, -1.411291
-8.063610, 4.139898, -0.559805, -2.766705, -6.132061, -5.062508
