-1.018113, 0.255814, -1.137156, -2.098673, -2.112213, -2.045967
-0.484685, 2.240145, -0.255252, -1.756903, -1.661143, -1.494738
-2.079711, 2.313998, 0.136332, -1.588437, -1.730798, -1.227340
-5.234164, 2.673540, 0.923085, -1.668875, -1.573776, -0.924889
-7.208757, 3.175027, 2.122039, -1.555379, -1.228663, -0.539792
-7.846425, 3.010733, 2.355377, -1.685848, -1.322840, -0.726635
-7.333210, 2.103163, 2.232970, -2.042757, -1.431580, -0.893253
-6.316819, 0.972114, 1.925743, -2.641441, -1.707059, -1.640843
-4.211462, 1.079413, 2.153935, -2.759962, -1.496494, -1.415852
-1.994260, 1.608171, 2.541326, -2.301502, -0.923220, -0.690479
-0.069337, 1.575425, 1.985984, -1.714766, -0.508312, -0.176675
-0.149450, 0.945167, 0.720758, -1.123629, -0.466709, -0.259610
-2.051809, 1.567053, 1.508443, -0.321965, 0.479587, 0.294940
-3.670685, 1.268281, 1.499155, -0.517715, 0.430394, 0.173387
-5.487761, 0.260199, 1.023580, -0.746013, 0.003860, -0.088069
-6.302022, -1.428698, -0.463988, -1.052546, -0.364009, -0.397097
-5.799701, -2.436571, -0.912271, -0.929952, -0.310344, 0.613711
-4.544527, -2.525683, -1.204787, -0.543411, 0.024988, 1.589561
-2.614948, -3.444518, -0.567050, -0.339016, -0.089664, 1.754364
-0.622450, -6.577553, 1.226375, -0.637998, -0.054844, 1.315948
1.132555, -9.204999, 3.722571, 0.026516, 1.167997, 1.603812
1.587317, -10.465538, 4.211598, -0.332595, 1.630182, 0.831381
1.527274, -10.056584, 4.301713, -0.836548, 1.457733, -0.017976
1.049933, -8.233673, 4.283432, -1.495801, 1.347241, -0.445756
-0.291377, -9.440343, 3.804788, -2.014946, 3.208715, -0.461186
-1.022044, -9.396300, 3.381201, -1.676179, 4.091936, -0.142441
-2.831452, -7.054797, 0.490402, -1.653281, 4.446301, -0.131718
-6.560390, -3.926543, -4.697908, -2.212899, 5.397171, -1.264615
-8.606573, -4.189883, -6.680653, -2.116214, 7.594777, -1.069407
-9.673018, -4.869561, -7.539825, -2.359406, 7.968209, -1.607326
-9.231680, -5.149558, -6.175473, -2.624624, 6.556242, -1.982726
-7.213883, -4.735707, -2.736861, -2.875793, 5.484431, -2.432705
-5.116479, -3.914481, -0.698937, -3.191658, 5.048806, -1.684298
-3.712703, -2.807464, 0.753057, -2.882111, 4.904554, -0.858777
-2.359714, -1.494609, 1.069637, -1.957254, 3.587468, 0.034867
-1.267650, -0.660144, -0.366632, -1.117317, 1.807154, 0.836988
-2.146082, 0.066382, -2.519004, -0.491194, 3.519537, 1.546453
-3.025608, -0.096140, -3.838816, -0.864818, 3.536299, 1.076481
-4.694308, -0.665726, -4.696493, -1.281321, 2.602167, 0.579178
-8.131770, -1.714382, -3.326549, -2.164493, 1.081321, 0.513040
-7.141753, -1.343913, -0.869882, -1.304316, 1.162726, 0.762198
-5.436390, -0.771333, 1.169503, -0.441921, 1.889699, 1.696613
-4.610928, -0.352868, 1.956738, 0.000219, 1.293525, 1.622640
-5.517154, 0.676384, 1.825852, -0.640144, -0.141868, 0.177264
-7.734224, 2.554097, 1.708274, -0.322203, -0.239274, 0.289067
-8.963574, 2.730092, 1.181825, -0.847909, -0.833954, -0.355120
-9.532232, 2.470788, -0.055283, -1.746060, -1.777243, -0.804509
-9.387012, 2.433660, -0.417410, -2.663308, -2.935367, -1.116734
-8.585430, 2.130289, -0.280182, -2.092518, -2.607923, -0.782325
-7.031655, 2.048174, -0.436416, -1.060338, -1.957205, -0.438624
-4.935941, 0.803127, -0.535271, -0.827160, -1.127860, -0.206681
-4.452269, -1.719243, -1.030586, -1.797073, -1.747261, -0.715417
-5.933438, -1.989447, 0.277418, -2.364378, -2.050557, -0.023690
-7.445591, -2.366627, 0.561136, -2.675479, -2.735370, -0.410420
-8.585039, -2.667125, 0.282175, -2.971995, -3.224545, -1.049752
-9.964161, -3.795982, 0.039828, -2.755949, -3.707753, -1.958795
-8.677459, -3.644283, 0.924654, -2.632319, -3.936038, -1.371018
-6.970724, -2.733163, 1.655298, -1.869915, -3.068568, -0.526217
-4.407333, -1.467051, 2.243437, -1.566178, -2.109014, 0.036703
-2.598144, 0.077259, 3.110041, -2.009291, -0.786710, 0.036685
-1.888818, 1.260984, 5.174744, -2.325665, 0.217966, 0.892158
-2.266901, 1.090038, 5.475379, -2.935881, 0.272389, 0.707968
-3.088581, 0.931515, 5.240231, -3.588106, 0.103329, 0.605698
-5.809450, 0.824295, 4.669940, -4.713620, -0.468604, 0.793760
-4.675901, 0.297203, 3.846974, -3.485533, -1.018363, 1.168147
-2.826635, 0.002164, 3.961999, -2.308869, -1.082806, 1.581167
-2.677753, -1.124573, 2.828582, -1.338258, -1.044162, 1.226950
-4.750918, -3.309954, 1.627750, -1.180343, -1.389968, -0.294601
-7.492594, -4.194743, 2.922392, -1.242975, -0.898668, -0.143623
-8.745750, -5.091389, 2.799873, -1.718682, -1.168743, -0.928832
-9.209528, -5.449286, 2.639438, -2.247469, -1.363669, -1.927887
-8.115605, -6.682083, 2.683584, -2.736562, -0.698388, -3.324790
-7.554370, -6.342469, 2.964996, -1.595655, -0.264898, -3.579715
-6.241646, -5.068934, 2.977138, -0.355587, 0.556106, -2.903632
-4.450813, -1.082667, 1.497196, -0.109237, 0.428086, -1.677074
-3.772707, 6.026603, -0.565801, -0.583331, -0.689257, -1.200891
-6.004222, 11.722274, -0.264715, -0.258849, -0.745201, -0.525869
-7.297694, 13.293730, -0.079994, -0.348554, -0.728751, -0.891912
-7.158198, 13.290233, 0.044496, -0.897224, -0.442356, -1.122391
-3.585197, 13.078755, 1.676363, -1.472459, 2.636393, -1.290596
