-1.434715, 1.117476, -1.764744, -2.171620, -2.652766, -1.978230
-0.885937, 3.377137, -1.288814, -1.573040, -2.282677, -1.365626
-2.751067, 3.126936, -0.663480, -1.425288, -2.031214, -1.461261
-6.366161, 3.101269, 1.364281, -1.181762, -1.311429, -1.438094
-8.875526, 3.526734, 3.009197, -1.294078, -0.643014, -1.265649
-9.566210, 3.575645, 3.399897, -1.779919, -0.613338, -1.415982
-9.454730, 2.769857, 2.895554, -2.343080, -0.767858, -1.787497
-9.506826, 0.628162, 2.911384, -3.147780, -1.723254, -2.403003
-6.978706, 2.030128, 2.813277, -3.746407, -1.292163, -1.987391
-4.358706, 3.043465, 3.191179, -3.098169, -0.608539, -1.260136
-1.647941, 2.166446, 3.503172, -1.981667, -0.133161, -1.175647
-0.367640, -0.975247, 5.474025, -1.334624, -0.360838, -1.619434
-1.971027, -2.444087, 9.681437, -1.168094, 0.156266, -1.343644
-3.436018, -3.747303, 11.177928, -1.937726, -0.431707, -1.395150
-4.842717, -4.997280, 10.428471, -2.756683, -0.965361, -1.688974
-5.110167, -5.800047, 8.185637, -3.903392, -2.052299, -2.009209
-3.742058, -6.641756, 7.146178, -3.342721, -3.547565, -2.056716
-2.517630, -6.192161, 6.088306, -2.353027, -3.441140, -1.423118
-2.056775, -6.356872, 3.963191, -1.518741, -3.127125, -1.022378
-3.586967, -8.461545, 1.829420, -1.539884, -3.329153, -0.129953
-6.120775, -11.223427, 4.697836, -1.171792, -3.193622, 0.686549
-8.033136, -12.543676, 5.196346, -1.446066, -3.692921, 0.464833
-9.466346, -12.466471, 4.847950, -2.000382, -4.190240, -0.181429
-12.325357, -11.531361, 3.805221, -2.566618, -4.943471, -1.378703
-12.052999, -9.820965, 2.718326, -2.063600, -4.457810, -1.307403
-10.059404, -7.782770, 2.361528, -1.167492, -3.630738, -0.600252
-8.084113, -4.931337, 1.089133, -1.101494, -2.627280, -0.534110
-8.578321, -2.506141, -0.103922, -2.901844, -1.948748, -0.755787
-12.056148, -3.606866, 1.712635, -3.983055, -1.756253, -0.631925
-13.792025, -4.754254, 2.160327, -4.912406, -2.087196, -1.294797
-14.072124, -5.199432, 2.448888, -5.128872, -2.390680, -1.806213
-11.415162, -4.068578, 2.413860, -4.162845, -1.962276, -1.999783
-8.668676, -3.669771, 1.584080, -3.805084, -0.953886, -1.317207
-5.987736, -2.362696, 1.213665, -2.803162, -0.063919, -0.284803
-2.887759, -1.102278, 0.264335, -2.150002, -0.493300, 0.867442
-0.068707, -0.861307, -1.234629, -1.694668, -2.125525, 2.017570
-0.017264, -1.481893, -1.227539, -2.195938, -3.156768, 3.166311
-0.429435, -2.591389, -1.668491, -2.709543, -4.321532, 2.837112
-1.809175, -3.363136, -1.596359, -3.420356, -4.863369, 1.690655
-3.796262, -2.648383, -1.362334, -4.193506, -5.328405, 0.984497
-3.948203, -3.137092, -0.777539, -3.304821, -4.381285, 0.705387
-3.132880, -2.438403, 0.021884, -1.852591, -2.851627, 0.869106
-3.342161, -1.404088, 0.950113, -0.609746, -1.533682, 0.186426
-5.621047, -0.964796, 2.329727, 0.475706, -1.187421, -0.440129
-7.023195, -0.596926, 3.864598, 0.901808, -1.204458, 0.288827
-8.298798, -0.980638, 3.600002, 0.238577, -1.393004, 0.004964
-8.833776, -1.463312, 2.425890, -0.594461, -1.620717, -0.481341
-9.020071, -1.940301, 1.271779, -2.069181, -1.440199, -1.227060
-10.491978, -5.034052, 1.116707, -2.655734, -2.186647, -0.563063
-9.497901, -5.977066, 1.312354, -2.374021, -2.106752, -0.030956
-6.437692, -6.515517, 0.269994, -1.949374, -1.534049, -0.007193
-2.003057, -8.912305, -1.260283, -1.953647, -2.129775, -0.762863
-0.007268, -10.957502, -0.807407, -1.870616, -2.639962, -0.326569
0.082701, -12.440508, -0.662143, -2.504714, -3.499293, -0.655015
-0.727312, -12.390645, -0.457331, -2.995697, -4.071000, -1.116315
-3.765541, -12.125719, -0.003424, -3.902403, -4.260571, -1.904069
-5.623564, -10.922802, 1.382364, -4.690510, -3.537634, -1.941566
-5.687723, -9.528794, 2.417395, -4.376533, -2.290055, -1.273937
-5.627579, -4.326070, 2.605868, -3.439988, -1.538673, -0.468865
-6.746803, 4.981335, 2.730738, -2.591163, -0.744834, -0.323327
-6.787189, 11.329114, 4.340065, -1.783484, -0.737729, 0.022324
-7.396250, 13.540101, 4.576646, -1.868926, -1.098844, -0.514922
-6.895433, 14.565292, 3.950811, -1.807606, -1.520056, -0.882299
-5.972406, 16.025032, 3.097214, -2.598405, -1.267129, -1.106331
-5.755727, 16.909489, 3.005211, -2.589050, -1.340624, -0.869585
-4.581796, 16.814413, 3.509980, -1.981316, -0.688348, -0.319566
-3.641334, 13.989822, 2.883904, -1.806057, -0.457089, 0.007752
-4.045035, 13.561901, 2.381344, -1.986854, -0.434544, 0.347520
-5.665507, 20.705936, 4.196271, -1.940394, -0.271825, 1.005966
-7.255650, 23.189230, 4.256179, -2.434717, -0.889925, 0.585742
-7.900428, 22.185226, 3.510042, -2.787915, -1.725563, 0.394714
-8.389235, 19.037251, 2.040260, -2.976851, -1.760814, -0.103310
-8.612247, 19.124371, 2.799376, -3.040855, -1.545529, 0.087771
-8.100816, 17.867329, 3.489367, -2.302346, -0.878793, 0.495567
-6.323802, 12.855672, 3.051311, -1.736921, -0.649034, 0.472490
-4.983543, 6.930668, 1.847093, -1.997798, -1.333393, -0.584288
-5.307980, 11.708012, 2.545649, -1.589407, -1.199834, -0.574494
-5.554325, 13.390224, 2.344527, -1.694633, -1.181346, -1.010549
-3.928604, 11.757464, 1.516640, -1.693441, -0.704936, -1.411306
2.018893, 6.658354, 0.530295, -1.769604, 2.012193, -0.929538
