-3.493135, -5.130495, -2.771914, -2.337658, -2.230055, -2.082817
-3.839606, -5.627179, -2.748618, -2.087230, -1.944114, -1.603411
-4.886019, -4.210785, -1.810569, -2.306618, -1.960789, -1.287090
-6.745968, -1.402689, 0.485457, -2.389465, -1.781580, -0.455955
-8.736991, 0.309069, 2.496849, -2.347097, -1.578392, 0.231226
-9.523098, 0.506145, 2.960492, -2.430146, -1.756455, 0.351906
-9.606483, -0.034180, 2.603459, -2.501746, -1.784536, 0.076919
-9.692055, -2.196470, 2.342253, -3.250729, -1.742701, -0.618734
-9.431479, -2.966184, 2.503816, -3.334436, 0.177107, -0.990667
-7.798395, -2.676290, 2.587535, -2.469086, 1.361639, -0.586473
-5.540956, -1.680977, 1.374931, -1.850241, 2.371667, -0.115312
-3.358915, 0.445747, 0.483417, -1.804452, 3.443814, -0.483267
-4.526774, 2.688278, 2.033249, -1.878969, 4.723123, -0.027282
-5.540289, 3.173473, 2.330009, -2.421775, 4.637089, -0.606964
-6.349926, 3.916722, 2.141676, -2.927825, 3.761176, -1.266634
-7.571174, 5.902667, -0.180730, -3.851872, 3.498103, -2.024013
-6.941614, 8.192874, -0.128449, -3.612744, 4.980994, -1.483658
-5.478672, 9.424040, 0.303892, -2.768999, 5.940301, -0.584812
-3.913796, 10.268679, 0.249556, -1.825403, 6.186690, -0.238893
-4.029323, 14.681501, -0.258305, -1.180804, 6.850895, -0.110499
-5.774539, 22.225164, 0.566663, -0.862376, 10.479329, 0.471102
-7.465546, 24.866055, 0.431466, -1.218415, 11.591404, 0.320735
-8.958387, 23.375820, -0.571905, -1.803675, 10.586505, -0.141177
-10.981704, 20.702469, -1.140692, -2.566636, 9.252488, -1.220293
-11.118823, 21.108875, -0.638762, -1.603246, 9.223901, -0.879854
-9.421141, 19.525757, 0.426383, -0.436834, 8.481027, -0.253202
-8.047812, 13.815895, 0.018353, -0.301163, 4.953648, -0.126051
-10.462931, 7.914140, -1.811053, -1.195624, 0.325367, -0.775899
-15.362601, 13.451635, -2.794190, -1.628509, 0.767625, -0.537170
-17.811512, 15.697306, -3.427684, -2.223823, 0.731579, -0.717161
-17.913490, 14.880128, -3.297781, -2.516961, 0.381860, -1.130877
-14.809219, 10.963840, -1.708304, -2.583924, -0.538993, -1.490262
-12.720218, 10.121696, -0.603228, -1.170632, -1.316411, -1.573132
-10.266501, 8.958735, 0.349349, 0.343663, -1.301177, -0.880931
-6.515559, 4.556742, 1.020626, 0.919361, -1.158217, -0.306403
-3.318042, -1.471900, -0.139576, 0.062912, -1.554726, 0.315014
-4.643651, -1.477003, -1.144030, -1.017708, -1.264001, 0.882956
-6.139871, -1.519855, -2.323962, -2.113944, -1.661603, 0.664132
-7.077305, -2.027050, -3.243202, -3.605171, -2.254856, -0.070201
-8.235882, -3.971396, -3.251318, -4.008800, -3.371762, -0.124207
-6.731551, -5.262981, -2.558389, -3.607975, -3.258484, 0.448104
-5.107121, -5.018813, -1.401463, -2.751053, -2.225104, 1.077778
-3.394493, -3.156740, -0.629088, -1.776904, -1.656809, 0.890572
-3.656037, -0.125444, 0.536888, -0.493656, -1.557804, -0.313447
-5.446980, 2.508171, 1.084029, 0.387954, -1.141701, -0.061072
-6.925706, 3.310694, 0.853443, 0.200837, -1.463035, -0.356571
-7.890142, 2.969872, 0.046213, -0.370299, -1.958491, -0.808513
-9.312162, 1.585627, -0.990045, -0.784263, -2.502436, -0.752047
-9.279449, 0.098730, -0.750717, -1.021073, -2.110059, -0.253037
-8.063409, -0.538806, 0.055287, -0.665493, -1.461511, 0.457959
-4.945557, -1.344118, 0.519494, -0.941936, -1.000351, 0.309349
-2.253262, -2.767683, 0.795970, -2.179265, -1.225066, -0.248448
-2.023862, -1.845513, 2.078825, -2.461407, -0.896077, 0.165622
-3.097845, -1.972154, 2.245195, -2.939734, -0.992634, -0.340332
-4.209947, -1.774700, 2.412997, -3.313165, -1.371978, -1.179645
-6.974065, -1.216973, 4.692983, -3.212487, -1.930927, -1.764060
-7.703588, -0.936958, 6.154771, -2.956806, -2.124849, -1.037900
-6.591609, -0.645190, 6.084786, -2.083950, -1.730095, -0.453062
-5.016987, -0.341377, 6.217054, -1.457882, -1.233343, -0.228053
-4.695087, 0.168691, 8.097283, -1.664402, -1.215540, -0.860602
-5.011957, 1.719255, 13.302657, -1.406800, -1.123056, -0.312314
-5.594183, 2.393743, 14.978355, -1.716864, -1.635782, -0.488889
-5.292692, 3.454492, 14.148912, -2.297817, -2.151819, -1.080740
-4.940723, 6.147346, 11.678045, -3.314342, -2.034307, -1.765777
-4.661335, 7.421484, 9.522777, -2.430216, -2.111263, -1.855869
-3.647322, 7.851495, 8.385130, -1.425753, -1.597529, -1.078701
-3.809690, 5.374300, 4.582705, -0.934980, -1.095413, -0.750371
-6.106973, 1.565826, 0.135610, -0.844446, -0.760961, -1.140965
-10.001760, 0.747867, 1.278130, -0.554248, -0.018046, -0.828937
-12.266211, -0.302822, 1.695022, -0.819679, -0.255946, -1.310636
-13.553655, -1.770539, 1.614930, -1.035499, -0.523394, -1.804946
-13.108545, -3.344701, 1.254564, -1.024073, -0.519598, -1.351467
-11.535040, -2.008583, 1.936930, 0.004191, -0.183936, -1.596260
-8.732502, -0.682405, 3.006145, 0.984523, 0.200717, -1.597126
-5.990068, 0.550422, 2.827652, 0.962133, 0.172302, -1.234680
-5.459617, 0.623102, 2.037473, -0.048841, -0.340447, -0.814527
-9.829533, 0.705020, 1.213855, -0.491312, -0.135896, 0.177444
-11.721153, 0.376227, 0.300766, -1.310631, -0.509665, -0.394121
-11.766104, -0.665159, 0.213105, -1.843376, -1.089596, -0.780534
-5.684421, -1.185113, 5.729452, -1.360006, -2.024383, -2.458498
