-4.247434, -0.288080, -2.377990, -2.584786, -1.867367, -1.981977
-4.881180, 0.690707, -1.964379, -2.196413, -1.514064, -1.416604
-5.493990, 1.311180, -0.898113, -1.898882, -1.793290, -1.250803
-6.433204, 2.516150, 1.545808, -1.172327, -2.190932, -0.714081
-7.251702, 3.972252, 3.218105, -0.483921, -2.404264, -0.217111
-7.584542, 4.111026, 3.421341, -0.355193, -2.454419, -0.193398
-7.290927, 3.411277, 2.765523, -1.114308, -2.433063, -0.477507
-7.784778, 1.815051, 1.644051, -2.298014, -2.225549, -1.399326
-7.921974, 1.148621, 2.599925, -2.666546, -2.115521, -0.335207
-7.083119, 1.434284, 2.979788, -1.966231, -1.736793, 0.338764
-5.329574, 1.000210, 3.063818, -1.261622, -1.288666, 0.579692
-4.886996, -0.121046, 4.842705, -0.869374, -0.796022, -0.144979
-5.855744, 0.670171, 9.460577, -0.172473, -0.184502, 0.283931
-7.212508, 0.821984, 11.169934, -0.455851, -0.356574, -0.160732
-7.695166, 1.012529, 10.841069, -0.902685, -0.581567, -0.561565
-8.948524, 2.158874, 8.901003, -1.474890, -0.712728, -0.679670
-8.617274, 2.821566, 7.789755, -1.540087, -0.406593, -0.695545
-7.243973, 3.249990, 7.180924, -1.233205, 0.395131, -0.612179
-5.202738, 4.219520, 4.865260, -1.489610, 0.972048, -0.528205
-3.405060, 8.364407, 2.449476, -2.291214, 0.985606, -0.592423
-3.746484, 13.742046, 4.400967, -2.299447, 1.422535, 0.412654
-4.504636, 15.609846, 4.566791, -2.650436, 0.997800, 0.373356
-4.894802, 15.455837, 3.543499, -2.631657, 0.240321, -0.178059
-5.910693, 14.615758, 1.340110, -1.745049, -0.952287, -1.491150
-5.544069, 14.155753, 1.131263, -0.986916, -1.084065, -1.278244
-4.589148, 12.848083, 0.931102, -0.082433, -1.045732, -0.790709
-3.416991, 7.379566, 0.195744, 0.212188, -1.496145, -0.213839
-3.352458, -0.106355, -0.261004, -0.244741, -2.102330, 0.125918
-3.930056, -0.240023, 0.932366, 0.027494, -1.815692, 1.727616
-4.861993, -0.511895, 1.242033, -0.393092, -1.812190, 2.098235
-5.892487, -1.593116, 1.380363, -1.608215, -1.492881, 1.472146
-7.769439, -4.280771, 1.142150, -2.632635, -1.209613, 0.285978
-7.473954, -3.645235, 1.516071, -2.676787, -0.700967, 0.499486
-6.371388, -2.528037, 2.298579, -2.224054, -0.208534, 1.111075
-4.885567, -1.488948, 0.906115, -1.660727, -0.176633, 0.434290
-4.804907, -1.302473, -2.660318, -1.524085, -0.328317, -0.934688
-5.462295, -1.172517, -5.092252, -0.695940, 0.017024, -0.802405
-6.178553, -1.622485, -6.530805, -0.756366, -0.275827, -1.003068
-6.198322, -2.335290, -6.473631, -1.120245, -0.750338, -1.060941
-6.446518, -3.450501, -3.208770, -1.831023, -1.573456, -0.176760
-5.230495, -4.654119, 0.124180, -2.480873, -1.113596, -0.231158
-3.681149, -4.510259, 2.131145, -2.434603, -0.231326, 0.159238
-2.254484, -2.854384, 3.118931, -1.664902, 0.158291, 0.453735
-1.731948, 0.605348, 2.955673, -0.222411, -0.816464, 1.100015
-2.548552, 3.647642, 2.351830, 1.826146, -1.037845, 2.176974
-3.646950, 4.539278, 1.670447, 2.049879, -1.576200, 2.151585
-4.413409, 4.577122, 0.055432, 1.544441, -2.382173, 1.334309
-5.567888, 4.149353, -0.675712, -0.426032, -2.553674, 0.454788
-4.215219, 3.718149, -0.320997, -0.414842, -1.948419, 0.898456
-2.868682, 3.374784, 0.176283, -0.174325, -1.235440, 1.445687
-2.396597, 1.663888, -0.853080, -0.599446, -0.893131, 0.994412
-2.949612, -0.974349, -3.517602, -2.558778, -1.333986, -0.052174
-4.148625, -0.672872, -4.638948, -2.577627, -1.538360, -0.069433
-4.948783, -0.874650, -5.315541, -3.083634, -2.392632, -0.803298
-6.147368, -0.804652, -5.560728, -3.532897, -3.056107, -1.667934
-7.859302, 0.065028, -5.160912, -4.907165, -2.951180, -2.740241
-8.260719, -1.537306, -6.802098, -4.672949, -2.070303, -2.185732
-7.752728, -1.386665, -6.553113, -3.573208, -0.826285, -1.452465
-6.450473, -4.537460, -5.262215, -1.922354, 0.125387, -0.647108
-6.388670, -13.280416, -4.698403, -1.068211, 0.446766, -0.328382
-8.413325, -21.843012, -5.063400, -0.634668, 0.769060, 0.340844
-9.649532, -25.959988, -5.567931, -1.241112, 0.111590, 0.158003
-9.578277, -26.905872, -5.117761, -2.091150, -0.653669, -0.736806
-7.408709, -26.137978, -3.864531, -2.757028, -0.999501, -1.809350
-7.229467, -22.747108, -3.246086, -2.656167, -0.591273, -0.773482
-6.388189, -19.115143, -2.535656, -1.761534, -0.015167, 0.056000
-5.469984, -11.826378, -1.305348, -1.393448, 0.387115, 0.078239
-5.225295, -4.114875, 0.930163, -1.862931, 0.893613, 0.177411
-6.397895, -5.966840, 2.652104, -1.800832, 2.103231, 0.565678
-6.923453, -7.508891, 3.008034, -2.090266, 2.007054, 0.315900
-7.245009, -8.006982, 2.749865, -2.583533, 1.163084, -0.155153
-7.735427, -6.316540, 2.257268, -3.041652, 1.163738, -0.172716
-5.951292, -3.241980, 2.697696, -2.549604, 1.669186, 0.561674
-3.992521, -0.856424, 3.294105, -1.314909, 2.283791, 1.075502
-2.645646, 2.163761, 2.620688, -0.689555, 2.012967, 1.391519
-2.761186, 5.359225, 1.307485, -0.482365, 1.346570, 1.144174
-5.398926, 8.698954, 1.672255, -0.617279, 3.025781, 2.262201
-6.864304, 8.988750, 1.167951, -1.264109, 3.113316, 2.623633
-7.982712, 5.351566, 0.532856, -1.385876, 1.656416, 2.090576
-7.834789, -4.910678, 0.594379, -0.031297, -2.362491, 1.097855
