-1.513344, 4.132794, 4.849874, -0.212213, 0.655682, 0.084507
-3.183330, 6.601371, 8.127170, -0.666725, 0.819271, -0.264233
-5.225764, 7.563312, 10.282082, -1.333711, 0.510037, -0.884195
-5.894779, 7.737378, 11.420021, -1.278736, 0.674845, -0.822072
-7.149782, 6.342413, 11.345831, -1.271499, 0.383417, -1.040078
-7.495376, 4.159838, 10.197268, -0.670831, 0.480917, -0.901953
-8.929886, 1.748388, 8.882035, -0.751470, 0.026595, -1.420246
-9.211809, -0.150650, 7.461423, -0.509729, -0.100189, -1.506009
-8.228628, -1.932008, 6.188877, -0.419322, 0.264622, -1.874469
-6.107862, -2.191166, 5.854061, 0.033848, 1.138185, -1.355668
-5.550858, -2.639633, 6.118950, -0.048578, 1.479886, -1.380141
-4.732182, -2.287432, 6.807264, 0.125911, 2.097296, -1.014902
-4.986846, -2.357167, 7.580750, -0.154555, 2.221837, -0.972653
-4.235425, -1.869979, 8.310872, -0.341643, 2.586764, -0.335595
-4.256589, -2.136264, 8.666625, -1.110383, 2.410272, -0.232021
-3.285924, -1.716426, 9.229762, -1.134375, 2.818672, 0.419042
-6.118502, -3.329912, 9.051131, -1.972450, 3.465850, -0.367055
-7.256050, -4.117679, 8.517752, -1.805624, 4.465594, -0.449284
-9.032253, -5.537770, 8.263893, -2.134972, 5.150919, -0.919773
-9.254305, -5.760003, 8.091527, -1.758196, 5.768403, -0.802594
-10.135207, -6.726030, 7.486111, -1.799713, 5.824953, -1.017218
-9.411557, -6.748307, 6.406703, -1.267466, 5.645051, -0.757481
-9.654327, -7.813127, 5.073998, -1.501431, 5.323270, -1.211817
-8.582901, -7.716877, 4.331183, -1.055867, 5.431309, -0.973329
-9.367071, -6.972876, 3.518219, -1.456617, 5.434672, -2.096054
-8.935082, -4.763329, 3.172796, -1.239654, 5.460646, -2.387419
-9.937513, -3.779445, 2.732315, -1.558927, 5.571179, -3.183391
-9.897444, -2.630778, 2.736856, -1.342656, 5.751715, -3.264007
-11.009541, -2.561059, 2.608443, -1.766295, 5.583177, -3.627707
-10.631419, -1.594723, 2.479411, -1.716894, 5.174757, -3.234587
-11.248368, -1.273581, 1.740953, -2.245021, 4.607554, -3.558022
-10.265022, 0.036475, 1.694894, -1.996597, 4.461988, -3.014211
-11.427490, 1.818583, 0.594721, -2.246249, 3.748725, -2.867991
-10.728540, 4.086481, 0.155551, -1.771455, 3.421808, -2.090157
-11.553770, 5.797029, -0.653632, -1.899080, 2.896220, -2.262481
-11.345462, 7.293949, -0.818694, -1.711201, 2.727595, -2.098301
-12.403511, 8.159267, -1.296661, -2.014948, 2.012321, -2.587873
-11.700485, 9.247855, -1.558844, -1.701344, 1.197249, -2.432046
-12.020853, 10.131785, -2.392127, -2.076197, 0.015984, -2.934840
-10.738556, 11.094557, -2.533667, -1.836780, -0.407953, -2.534313
-11.995345, 11.262174, -2.515425, -1.525992, -2.061151, -2.939011
-11.339262, 11.003197, -1.775264, -0.680531, -2.396220, -2.344675
-12.105614, 11.074594, -2.039495, -0.651915, -3.090785, -2.645741
-11.586658, 11.113363, -2.007639, -0.458095, -2.687506, -2.466935
-12.469341, 11.338400, -2.914010, -0.782556, -3.039425, -2.980231
-11.463211, 10.932873, -3.450330, -0.656764, -2.700649, -3.026434
-11.572784, 10.206257, -4.677844, -1.033461, -3.181001, -3.868271
-9.994289, 9.662697, -4.700618, -0.769588, -2.903187, -3.858474
-12.467199, 8.499994, -4.282664, -1.798881, -3.163698, -4.842666
-12.851269, 7.500126, -2.747317, -1.890905, -2.596301, -4.694363
-14.239641, 7.052118, -2.145833, -2.405981, -2.756488, -5.338666
-13.890175, 7.079136, -1.348137, -2.135229, -2.561867, -5.096865
-14.406071, 7.547672, -1.371271, -2.215597, -3.131867, -5.109389
-12.881037, 7.689615, -1.122473, -1.498342, -3.185429, -4.330364
-12.573285, 7.541266, -1.441080, -1.500674, -3.837250, -4.407329
-10.844705, 7.364086, -1.174884, -0.895666, -3.650637, -3.688202
-10.724172, 7.373937, -0.744960, -0.861046, -3.639155, -3.463261
-9.409756, 7.157485, 0.424264, -0.263121, -2.701661, -2.427644
-9.617848, 6.885347, 1.227913, -0.303118, -2.456009, -2.246591
-9.126778, 6.831399, 2.018931, 0.052702, -1.801520, -1.889736
-9.230265, 6.615728, 2.254147, -0.222937, -1.866848, -2.112323
-7.635368, 6.168772, 2.895449, -0.092327, -1.305895, -1.608270
-6.848510, 5.521708, 3.202390, -0.582517, -1.511075, -1.754858
-5.073243, 5.176785, 3.978506, -0.288708, -1.013591, -1.151547
-5.164128, 4.629394, 3.333989, -1.085180, -1.203402, -1.151676
-4.444060, 4.310949, 3.177022, -1.104680, -0.672327, -0.778284
-4.883038, 3.936424, 2.606617, -1.642363, -0.746824, -1.114393
-4.840353, 3.898497, 2.493267, -1.533047, -0.341703, -1.121563
-5.953784, 3.357440, 2.223916, -1.835747, -0.761788, -1.755689
-6.154046, 2.763855, 2.268516, -1.471719, -0.746315, -1.910346
-7.020586, 1.836005, 1.974024, -1.790729, -1.205429, -2.705497
-6.969347, 1.494471, 2.145624, -1.410623, -0.876768, -2.636740
-8.831724, 1.153323, 1.121828, -1.783707, -0.846170, -3.257291
-8.735997, 1.493571, 0.498524, -1.170929, -0.228518, -2.745082
-9.668394, 1.622217, -0.306175, -1.134225, -0.246939, -2.690352
-9.073763, 2.006658, -0.363995, -0.479059, -0.138339, -2.144254
-8.916510, 2.212945, -0.918800, -0.307031, -0.381766, -1.923960
-6.633188, 2.658140, -0.928198, 0.628085, -0.390575, -1.214490
-5.278415, 2.525965, -1.406823, 0.866365, -0.731466, -1.022777
-2.986285, 2.804322, -1.183746, 1.643435, -0.565513, -0.280473
