-1.064442, 3.171840, 3.362838, -0.155012, -0.714300, -0.061731
-2.445035, 5.232849, 5.762170, -0.496551, -1.606422, -0.328828
-4.373590, 6.187134, 7.871113, -1.197969, -2.790830, -0.926943
-4.996819, 6.716581, 9.325546, -0.982690, -2.948577, -0.887588
-6.308663, 6.057323, 10.634760, -0.974690, -3.423314, -0.943645
-6.961299, 4.786303, 11.546654, -0.257657, -3.290634, -0.510875
-8.567394, 3.244571, 12.547800, -0.196457, -3.917708, -0.686027
-9.124834, 2.054634, 12.949823, 0.186042, -3.905860, -0.495148
-8.913940, -0.243996, 12.274463, -0.057336, -4.731692, -0.831165
-7.309170, -1.473284, 11.041641, 0.184533, -4.394412, -0.423960
-7.150971, -2.700586, 10.147748, -0.170387, -4.997741, -0.606426
-6.290149, -2.765550, 9.641666, -0.052396, -4.854697, -0.129780
-7.252126, -3.389102, 8.805866, -0.273643, -5.202220, -0.222605
-7.004712, -3.195209, 7.031347, -0.230230, -4.754775, 0.198976
-7.480169, -3.766897, 5.089141, -0.669583, -5.202791, -0.042116
-6.603511, -3.272468, 3.505212, -0.627168, -4.816695, 0.385845
-10.159161, -2.541731, 4.090369, -0.548007, -5.829122, 0.052373
-11.741524, -0.730957, 5.028071, 0.168258, -5.630911, 0.295567
-14.130630, 0.218854, 5.766397, 0.331032, -6.169052, 0.016975
-14.589626, 1.141215, 6.411607, 0.598872, -5.737954, 0.000640
-16.150555, 1.358587, 6.045959, 0.353262, -5.652243, -0.750186
-15.841124, 2.130598, 5.172618, 0.434366, -4.549403, -1.210433
-16.792381, 2.356309, 3.898674, 0.092781, -4.265836, -2.155908
-15.953651, 3.234586, 3.019550, 0.344693, -3.155003, -2.145220
-14.893538, 3.220541, 2.972473, -1.134363, -2.220517, -3.023686
-12.052197, 3.557052, 3.583904, -1.563766, -0.784392, -3.018924
-11.405140, 3.624957, 4.134230, -2.516800, -0.354389, -3.504813
-10.281572, 3.959663, 4.823382, -2.609335, 0.158976, -3.544384
-10.755073, 4.310670, 5.061004, -3.301569, 0.252014, -3.821491
-9.912870, 4.682442, 5.067050, -3.165985, 0.727952, -3.370462
-10.204150, 4.711186, 4.558211, -3.772925, 0.649472, -3.699539
-9.071505, 4.978773, 4.262807, -3.222924, 0.935329, -3.214685
-11.991153, 6.340538, 3.326106, -3.355697, 0.406653, -2.185716
-12.593939, 7.646065, 2.928196, -2.541344, 0.473327, -0.560668
-14.349321, 8.900494, 2.365416, -2.409991, 0.285387, 0.138979
-14.032448, 9.732592, 2.458594, -2.051956, 0.328980, 0.771395
-14.997204, 10.779883, 2.376999, -2.483586, 0.278246, 0.742638
-13.946821, 11.361549, 2.333489, -2.562075, 0.331851, 1.165240
-14.110873, 11.934090, 1.728359, -3.426252, 0.071427, 1.117525
-12.575416, 12.338861, 1.628682, -3.439718, 0.394885, 1.766974
-13.328197, 14.118448, 2.146222, -3.506114, -0.404792, 1.633796
-12.229752, 15.018530, 3.073302, -2.546489, -0.555500, 2.295676
-13.026979, 16.407948, 3.832930, -2.445915, -0.994538, 2.641242
-12.740479, 17.002897, 4.321839, -1.836476, -1.010323, 3.425439
-14.037512, 18.154749, 4.815711, -1.926278, -0.763329, 3.668498
-13.512585, 17.628286, 5.336036, -1.439099, -0.372638, 4.192463
-14.424303, 17.294867, 5.617495, -1.701363, -0.497097, 4.046531
-13.480915, 16.453430, 6.339733, -1.129807, -0.131071, 4.361262
-15.440672, 13.469971, 5.809485, -2.165555, -1.175215, 3.337484
-14.925285, 10.736019, 5.426125, -2.209131, -1.538241, 2.581435
-16.064236, 9.855447, 5.213295, -2.756409, -2.101391, 1.534976
-15.729044, 9.908611, 5.114872, -2.598070, -2.126500, 1.190927
-16.798071, 11.374491, 4.901616, -2.872819, -2.631001, 0.324802
-15.992286, 12.886070, 4.246663, -2.411893, -2.523555, -0.081425
-16.613203, 14.406981, 3.161222, -2.415311, -2.936676, -1.019116
-15.111160, 15.634520, 2.375250, -1.581254, -2.554491, -1.121225
-13.777544, 12.258621, 3.135224, -1.733214, -3.022784, -1.402453
-10.884520, 8.544950, 4.236410, -1.047620, -2.724743, -0.824837
-10.170468, 5.575278, 5.028744, -0.931407, -3.234809, -0.866202
-8.847181, 4.092655, 5.820619, -0.551178, -3.078588, -0.458102
-9.110981, 3.636530, 6.126647, -0.463690, -3.839739, -0.594236
-7.801892, 3.621461, 6.412061, 0.005647, -3.741838, -0.515248
-7.307169, 3.014823, 6.159770, -0.075653, -4.143051, -1.113881
-5.571052, 2.971113, 6.207198, 0.536741, -3.625383, -1.101919
-7.175682, 2.741819, 5.582621, -0.209043, -2.742406, -1.745995
-7.501440, 2.941574, 5.588744, -0.319061, -1.171525, -1.507201
-8.872272, 2.721287, 5.529252, -0.918044, -0.502158, -1.876792
-9.101740, 2.772281, 5.768675, -0.889558, 0.131188, -1.803641
-10.381428, 2.520222, 5.717311, -1.272141, -0.322368, -2.482492
-10.697115, 2.521115, 5.498426, -1.169097, -0.533924, -2.812690
-12.309038, 2.078640, 4.925066, -1.718552, -1.224524, -3.816174
-12.230046, 2.216061, 4.711164, -1.484146, -1.069695, -4.057730
-14.057668, 3.057863, 3.546650, -1.529985, -1.395831, -4.312373
-13.193658, 4.072523, 3.004950, -0.784060, -0.643814, -3.393632
-13.184679, 4.780916, 2.572629, -0.680014, -0.284750, -3.133736
-11.893927, 5.339692, 2.692001, -0.460613, 0.437921, -2.406676
-10.638759, 5.822717, 2.289081, -1.031548, 0.413908, -2.679987
-6.430704, 6.510621, 2.137772, -1.070056, 1.192012, -2.002801
-2.727227, 6.840559, 1.487876, -1.692700, 1.508940, -1.663824
1.470392, 7.562859, 1.494801, -1.404284, 2.548666, -0.387574
