-4.568966, 2.086026, 3.067676, -0.070717, -1.943571, 0.130278
-8.475977, 3.460565, 5.151317, -0.546812, -3.771854, -0.028520
-12.109643, 4.218215, 6.555210, -1.321321, -5.643197, -0.616156
-13.203238, 4.937682, 7.598450, -1.266884, -6.013484, -0.364779
-13.892983, 5.335169, 7.782119, -1.481272, -6.299427, -0.498825
-12.828941, 5.859835, 7.635002, -0.999146, -5.357341, 0.030730
-12.837129, 6.055662, 7.079582, -1.269201, -5.457624, -0.137250
-11.785336, 6.254436, 6.671749, -0.935379, -4.823741, 0.187030
-11.721624, 6.779119, 5.572042, -1.221023, -4.762135, -0.470670
-10.197464, 7.217094, 5.028679, -0.732274, -3.779231, -0.286800
-10.389816, 7.755157, 4.766786, -0.711808, -3.810351, -0.590218
-9.926237, 8.220327, 5.054905, -0.134580, -3.351697, -0.470103
-10.823613, 8.617716, 5.352293, -0.067667, -3.630414, -0.936148
-9.960919, 8.549227, 5.535268, 0.541657, -3.285075, -0.945252
-9.922282, 8.282966, 5.225330, 0.539988, -3.509318, -1.588061
-8.268578, 8.097631, 5.287715, 1.120642, -2.932840, -1.461726
-9.883157, 6.787551, 5.138590, 0.112897, -3.126952, -1.807396
-10.165035, 5.638364, 5.000748, -0.350582, -2.441567, -1.329854
-11.986837, 4.850687, 4.860414, -1.099637, -2.505763, -1.447367
-12.537560, 4.638350, 4.953579, -1.190556, -2.062592, -1.032882
-14.503628, 4.305541, 5.309280, -1.877476, -2.308785, -1.470558
-15.097917, 3.878801, 5.723823, -2.226977, -1.944307, -1.366186
-17.078598, 2.781813, 5.809579, -2.948389, -2.406004, -1.729817
-17.252520, 2.179508, 5.980302, -2.780838, -2.100533, -1.340271
-18.926504, 0.798696, 4.362480, -2.643174, -1.974236, -1.794397
-17.943617, 0.143739, 2.996793, -1.689260, -1.037468, -1.329726
-18.957518, -0.625054, 1.865079, -1.574472, -0.771147, -1.495363
-18.313293, -0.875337, 1.341987, -1.091942, -0.265795, -1.148223
-18.915758, -1.452116, 0.777906, -1.375835, -0.265165, -1.195119
-17.404163, -1.605484, 0.447418, -1.311594, 0.315547, -0.687187
-17.091497, -2.126599, -0.336886, -2.019468, 0.323012, -0.896643
-15.133588, -1.836720, -0.504505, -1.992841, 1.056509, -0.414836
-16.378111, 1.668284, 0.119445, -2.697659, 0.526330, -0.754962
-15.405060, 5.562298, 1.096320, -2.345290, 0.615847, -0.544614
-16.159872, 8.660505, 1.568088, -2.997510, 0.246271, -0.905126
-15.751295, 10.915722, 2.065101, -2.842896, 0.328340, -0.794699
-16.209410, 13.521479, 2.140336, -3.349858, -0.014371, -1.333119
-14.519711, 16.097456, 2.253709, -3.142038, 0.293626, -1.599561
-14.281990, 18.674950, 2.087850, -3.533309, -0.161540, -2.518893
-12.518497, 20.579611, 2.298537, -2.894318, 0.143168, -2.633299
-13.686522, 23.723867, 3.465313, -2.840525, -0.223926, -3.051441
-13.003224, 24.833061, 4.740331, -1.922014, 0.011679, -2.613904
-14.026299, 26.852583, 5.567305, -1.850307, -0.345661, -2.933122
-13.838974, 27.046389, 5.967148, -1.463090, -0.394214, -2.673595
-14.961850, 27.752975, 6.015915, -2.088990, -0.893446, -3.263115
-14.196906, 25.857374, 5.731710, -2.137262, -0.975681, -3.014386
-14.617317, 24.613867, 5.238682, -2.866453, -1.544948, -3.735035
-13.443894, 22.502245, 5.044217, -2.516132, -1.276900, -3.531195
-14.929473, 19.481836, 4.420787, -2.471267, -2.028786, -4.277765
-14.347773, 15.524007, 4.061028, -1.500645, -1.995065, -3.855191
-15.534901, 13.345213, 3.613194, -1.453212, -2.600868, -4.279287
-15.475191, 11.678743, 3.593648, -1.140473, -2.409773, -3.824507
-16.362804, 10.563534, 3.378626, -1.265860, -2.953488, -4.132405
-15.447454, 7.884159, 3.411028, -0.846684, -2.755272, -3.613070
-15.771559, 4.834532, 2.897420, -1.022855, -3.205161, -3.818482
-14.333215, 2.120847, 2.951035, -0.386638, -2.761948, -3.342507
-13.690799, 3.342744, 3.771258, -1.537234, -2.276619, -3.913038
-11.276377, 5.018865, 4.781361, -1.859236, -0.930565, -3.575752
-10.924294, 6.426347, 5.268793, -2.563061, -0.609936, -3.917457
-9.837508, 7.491462, 5.605768, -2.405221, -0.186007, -3.755030
-10.461663, 7.761298, 5.710831, -2.511348, -0.277116, -4.398070
-9.512358, 7.823697, 5.556486, -1.854832, 0.051524, -3.984312
-9.663116, 7.612744, 5.092933, -1.855989, -0.139662, -4.249510
-8.374777, 7.615587, 5.046451, -1.195281, 0.313906, -3.370442
-10.057312, 6.405948, 5.132785, -1.628912, -0.383056, -2.670381
-9.939167, 5.441692, 5.276330, -1.306284, -0.394076, -1.569204
-11.031975, 4.589543, 5.398426, -1.534220, -0.864256, -1.489923
-10.909117, 4.369581, 5.520766, -1.417843, -0.771654, -1.098604
-11.928371, 3.527155, 5.280302, -1.815125, -1.458580, -1.687989
-11.307076, 2.498963, 4.823204, -1.723942, -1.745893, -1.896767
-11.516441, 0.865941, 4.170618, -2.108868, -2.726712, -2.607681
-10.280334, 0.065970, 4.044823, -1.675543, -2.837636, -2.420988
-11.489449, 0.553920, 2.328833, -1.968015, -3.492222, -2.604384
-10.558299, 1.893671, 0.891865, -1.258659, -3.098909, -1.699465
-10.576385, 2.728180, -0.547766, -1.086848, -3.211873, -1.473096
-9.469905, 3.790792, -1.110624, -0.428583, -2.694780, -0.821059
-8.211192, 4.377616, -2.077468, 0.087318, -2.407697, -0.563249
-5.178849, 5.596757, -2.747529, 1.135847, -1.001383, 0.267459
-2.479425, 6.245916, -4.006658, 1.433283, -0.226738, 0.480632
0.685198, 7.509808, -4.396043, 2.239182, 1.138130, 1.100877
