-1.324106, 1.588858, -1.034847, -1.967553, -2.705061, -2.397245
-0.302869, 3.717263, 0.174493, -1.209320, -2.475355, -1.819327
-2.176891, 3.476733, 0.640123, -1.313730, -2.231438, -1.605149
-5.949327, 3.136120, 1.942889, -1.821175, -1.509489, -0.815709
-8.034358, 3.908082, 3.173994, -2.359449, -0.536694, -0.387027
-8.705354, 4.064352, 3.577618, -2.771721, -0.299379, -0.301462
-8.861741, 3.551034, 2.914848, -2.916037, -0.192129, -0.347518
-10.111015, 2.364751, 1.889084, -2.774809, -0.813747, -1.240943
-7.647326, 3.516422, 2.742626, -2.740307, -1.024201, -1.271194
-5.344824, 4.647064, 3.358213, -2.263562, -0.543315, -1.017726
-3.227281, 3.416217, 3.915051, -1.568113, 0.168541, -0.852794
-4.331903, -0.072907, 6.980508, -1.308488, 0.881847, -0.990984
-8.818216, -2.091370, 12.573133, -0.602856, 1.973287, -0.461548
-11.628069, -3.519384, 15.182240, -0.840632, 1.620458, -0.716522
-13.798255, -5.563271, 15.644401, -0.960943, 1.202868, -1.355508
-14.705409, -8.491096, 17.211452, -0.553536, 0.651876, -1.696399
-13.940371, -10.213740, 19.147488, 0.277744, 1.050207, -1.669247
-11.314798, -9.694798, 19.096893, 0.905646, 1.400310, -1.003137
-7.179931, -11.027534, 12.587616, 0.438313, 1.187024, -1.032543
-2.901332, -18.212831, 1.727840, -1.168670, 0.786947, -0.817635
-4.166165, -27.021610, -1.337720, -1.434440, 2.200248, -0.593409
-5.511075, -30.989384, -3.211680, -1.838877, 2.422148, -0.914797
-6.701869, -31.206129, -5.043146, -2.525119, 1.850718, -1.618892
-8.589319, -29.640911, -5.685748, -2.207916, 1.662187, -1.611969
-8.392893, -25.400034, -3.888493, -1.571466, 2.563984, -0.530592
-7.071491, -20.825325, -1.931197, -0.413223, 3.238417, 0.913070
-6.696353, -12.065519, 1.211441, 0.337846, 2.956625, 1.565030
-9.316831, -2.219390, 6.758507, 0.316356, 2.861188, 1.506081
-13.435951, -2.640202, 11.101227, 0.475633, 4.764599, 1.376301
-15.384357, -3.363633, 12.558806, -0.246493, 5.193008, 0.788921
-15.890245, -2.631000, 10.761316, -0.562302, 4.824679, -0.311111
-15.257277, 2.463171, 8.109559, -0.965257, 4.288875, -0.879181
-13.088144, 3.811936, 7.343804, -0.343178, 4.817772, -2.079367
-10.377960, 4.319183, 6.271410, 0.511956, 5.168281, -2.098648
-6.969526, 3.484274, 2.535665, -0.123436, 3.927002, -1.819495
-5.383793, 1.536364, -3.009094, -2.496265, 2.145440, -1.977682
-8.903755, 1.407399, -3.505437, -3.812734, 3.352699, -1.750440
-10.947775, 0.687004, -3.717817, -4.650823, 3.287799, -2.155056
-12.300158, 0.017490, -3.328843, -4.836678, 2.461482, -2.474987
-12.458052, 1.058419, -2.512812, -3.708208, 0.937440, -1.330547
-10.971588, 2.696724, -1.023420, -2.991959, 1.144345, -1.025411
-8.456707, 3.929734, 0.717886, -2.209978, 1.605558, -0.756142
-4.691351, 3.228207, 1.783752, -1.338029, 0.576415, -0.330621
-1.704964, 0.081031, 2.673377, -0.524237, -1.775623, 0.630182
-1.488959, -1.660574, 3.318045, -0.041861, -2.016872, 1.725470
-2.565794, -2.852230, 2.683983, -0.139503, -2.464220, 1.752183
-4.618765, -3.212538, 1.312455, -0.893620, -3.044710, 0.909488
-7.493564, -0.866482, -1.343331, -2.006974, -3.501734, -0.514882
-7.251998, 0.687337, -1.462178, -1.959947, -3.148159, 0.785141
-6.105139, 2.304986, -0.839433, -1.348258, -2.410831, 1.702722
-4.384531, 4.250586, -0.912719, -1.126373, -1.671151, 1.672414
-3.584641, 7.994750, -1.930606, -1.486511, -1.655645, 0.841724
-3.379330, 11.299422, -1.779218, -1.531188, -2.163436, 1.205117
-3.858420, 12.045845, -2.117509, -1.796069, -3.206048, 1.002634
-4.704515, 11.288607, -2.025697, -2.014879, -3.864900, 0.067455
-6.779285, 11.893741, -0.954034, -2.830565, -4.631688, -1.909257
-6.667291, 10.812144, 0.493759, -2.794845, -3.760249, -2.034600
-5.675693, 9.499716, 1.162659, -2.136765, -2.525574, -1.355621
-5.480030, 3.879198, 1.138232, -1.663814, -1.244199, -0.847036
-7.242065, -5.583042, 0.293409, -2.120330, -0.493865, -1.265291
-9.684473, -9.411138, 0.620208, -2.131054, -0.159488, -1.398349
-10.947235, -11.107074, 0.567628, -2.624624, -0.836014, -2.239150
-10.694196, -11.677668, 0.131982, -2.989422, -1.597954, -2.368269
-8.860296, -11.498456, 0.364644, -3.549167, -2.136588, -2.513000
-8.725373, -8.995311, 0.334964, -3.792229, -2.193800, -2.554815
-7.323951, -6.216259, 0.985783, -3.116909, -1.812495, -2.071012
-5.550663, -1.802124, 0.801991, -2.672257, -0.877241, -0.645265
-4.761248, 4.777660, 0.377392, -2.650749, 0.283327, 0.992186
-7.001195, 7.154120, 1.531936, -2.769442, 1.657899, 2.596713
-8.584206, 7.485763, 1.739821, -3.123116, 1.799045, 2.613933
-10.022943, 6.558575, 1.691335, -3.294816, 1.480045, 2.404413
-12.636530, 7.190747, 1.775026, -1.946668, 1.715186, 2.214665
-12.340131, 11.357880, 2.479276, -1.077753, 4.362630, 2.331596
-10.898280, 13.528254, 2.468773, -0.087039, 6.091033, 2.573826
-7.766479, 12.458874, 1.282244, 0.147537, 5.907639, 1.863802
-5.748842, 10.867666, -0.048972, -0.318849, 5.032391, 0.499035
-5.776151, 13.723962, 1.438864, -0.197333, 5.976078, 0.934973
-6.424970, 14.643057, 1.951857, -0.523059, 5.283320, 0.442278
-5.196335, 12.399326, 2.044756, -1.037846, 2.033802, -0.440688
-2.093527, 10.964594, 2.710728, -1.771826, -5.577141, -1.121401
